title:4u3u MnK Wishlist
description:4u3u personal god rolls

//Mirror Imago Rolls
//REGULAR
dimwishlist:item=3234363830&perks=1840239774,106909392,3643424744,831391274
dimwishlist:item=3234363830&perks=1840239774,3230963543,3643424744,831391274
dimwishlist:item=3234363830&perks=839105230,106909392,3643424744,831391274
dimwishlist:item=3234363830&perks=839105230,3230963543,3643424744,831391274

dimwishlist:item=3234363830&perks=1840239774,106909392,3643424744,31345821
dimwishlist:item=3234363830&perks=1840239774,3230963543,3643424744,31345821
dimwishlist:item=3234363830&perks=839105230,106909392,3643424744,31345821
dimwishlist:item=3234363830&perks=839105230,3230963543,3643424744,831345821

dimwishlist:item=3234363830&perks=1840239774,106909392,3643424744,65154968
dimwishlist:item=3234363830&perks=1840239774,3230963543,3643424744,65154968
dimwishlist:item=3234363830&perks=839105230,106909392,3643424744,65154968
dimwishlist:item=3234363830&perks=839105230,3230963543,3643424744,65154968

dimwishlist:item=3234363830&perks=1840239774,106909392,3643424744,2428997981
dimwishlist:item=3234363830&perks=1840239774,3230963543,3643424744,2428997981
dimwishlist:item=3234363830&perks=839105230,106909392,3643424744,2428997981
dimwishlist:item=3234363830&perks=839105230,3230963543,3643424744,2428997981

//MASTERWORK
dimwishlist:item=3877448149&perks=1840239774,106909392,3643424744,831391274
dimwishlist:item=3877448149&perks=1840239774,3230963543,3643424744,831391274
dimwishlist:item=3877448149&perks=839105230,106909392,3643424744,831391274
dimwishlist:item=3877448149&perks=839105230,3230963543,3643424744,831391274

dimwishlist:item=3877448149&perks=1840239774,106909392,3643424744,31345821
dimwishlist:item=3877448149&perks=1840239774,3230963543,3643424744,31345821
dimwishlist:item=3877448149&perks=839105230,106909392,3643424744,31345821
dimwishlist:item=3877448149&perks=839105230,3230963543,3643424744,831345821

dimwishlist:item=3877448149&perks=1840239774,106909392,3643424744,65154968
dimwishlist:item=3877448149&perks=1840239774,3230963543,3643424744,65154968
dimwishlist:item=3877448149&perks=839105230,106909392,3643424744,65154968
dimwishlist:item=3877448149&perks=839105230,3230963543,3643424744,65154968

dimwishlist:item=3877448149&perks=1840239774,106909392,3643424744,2428997981
dimwishlist:item=3877448149&perks=1840239774,3230963543,3643424744,2428997981
dimwishlist:item=3877448149&perks=839105230,106909392,3643424744,2428997981
dimwishlist:item=3877448149&perks=839105230,3230963543,3643424744,2428997981

//ADEPT
dimwishlist:item=302039451&perks=1840239774,106909392,3643424744,831391274
dimwishlist:item=302039451&perks=1840239774,3230963543,3643424744,831391274
dimwishlist:item=302039451&perks=839105230,106909392,3643424744,831391274
dimwishlist:item=302039451&perks=839105230,3230963543,3643424744,831391274

dimwishlist:item=302039451&perks=1840239774,106909392,3643424744,31345821
dimwishlist:item=302039451&perks=1840239774,3230963543,3643424744,31345821
dimwishlist:item=302039451&perks=839105230,106909392,3643424744,31345821
dimwishlist:item=302039451&perks=839105230,3230963543,3643424744,831345821

dimwishlist:item=302039451&perks=1840239774,106909392,3643424744,65154968
dimwishlist:item=302039451&perks=1840239774,3230963543,3643424744,65154968
dimwishlist:item=302039451&perks=839105230,106909392,3643424744,65154968
dimwishlist:item=302039451&perks=839105230,3230963543,3643424744,65154968

dimwishlist:item=302039451&perks=1840239774,106909392,3643424744,2428997981
dimwishlist:item=302039451&perks=1840239774,3230963543,3643424744,2428997981
dimwishlist:item=302039451&perks=839105230,106909392,3643424744,2428997981
dimwishlist:item=302039451&perks=839105230,3230963543,3643424744,2428997981
